MICRO-SMART-GRID: MATHEMATICAL CONSTRAINTS VERIFICATION DATA
Generated from: mathematical_constraints_verification.png logic

TABLE 1: CONSTRAINT VERIFICATION - POWER BALANCE (P_load = P_ren + P_bat + P_grid)
================================================================================
Day   | P_load     | P_ren      | P_bat      | P_grid     | Mismatch  
--------------------------------------------------------------------------------
1     | 269.87     | 58.75      | 45.00      | 166.12     | 0.0000    
2     | 244.47     | 54.09      | 0.00       | 190.38     | 0.0000    
3     | 275.91     | 55.51      | 0.00       | 220.40     | 0.0000    
4     | 310.92     | 59.74      | 0.00       | 251.18     | 0.0000    
5     | 240.63     | 60.83      | 0.00       | 179.81     | 0.0000    
6     | 240.63     | 62.74      | 0.00       | 177.90     | 0.0000    
7     | 313.17     | 62.86      | 0.00       | 250.30     | 0.0000    
8     | 280.70     | 62.31      | 0.00       | 218.39     | 0.0000    
9     | 231.22     | 55.83      | 0.00       | 175.40     | 0.0000    
10    | 271.70     | 54.87      | 0.00       | 216.83     | 0.0000    
11    | 231.46     | 54.89      | 0.00       | 176.58     | 0.0000    
12    | 231.37     | 59.85      | 0.00       | 171.52     | 0.0000    
13    | 259.68     | 62.44      | 0.00       | 197.23     | 0.0000    
14    | 173.47     | 62.78      | 0.00       | 110.69     | 0.0000    
15    | 181.00     | 66.42      | 0.00       | 114.58     | 0.0000    
16    | 227.51     | 63.48      | 0.00       | 164.03     | 0.0000    
17    | 209.49     | 60.50      | 0.00       | 148.99     | 0.0000    
18    | 262.57     | 58.79      | 0.00       | 203.78     | 0.0000    
19    | 213.68     | 59.62      | 0.00       | 154.06     | 0.0000    
20    | 193.51     | 57.08      | 0.00       | 136.43     | 0.0000    
21    | 308.63     | 46.92      | 0.00       | 261.70     | 0.0000    
22    | 240.97     | 54.63      | 0.00       | 186.34     | 0.0000    
23    | 252.70     | 58.52      | 0.00       | 194.18     | 0.0000    
24    | 193.01     | 58.25      | 0.00       | 134.76     | 0.0000    
25    | 228.22     | 52.62      | 0.00       | 175.61     | 0.0000    
26    | 254.44     | 58.63      | 0.00       | 195.81     | 0.0000    
27    | 203.96     | 58.80      | 0.00       | 145.16     | 0.0000    
28    | 265.03     | 62.82      | 0.00       | 202.21     | 0.0000    
29    | 225.97     | 61.38      | 0.00       | 164.60     | 0.0000    
30    | 238.33     | 59.63      | 0.00       | 178.70     | 0.0000    
================================================================================


TABLE 2: CONSTRAINT VERIFICATION - BATTERY LIMITS (SOC & Power)
================================================================================
Day   | |P_bat|    | Max_P_Limit  | SOC        | Min_SOC    | Max_SOC   
--------------------------------------------------------------------------------
1     | 45.00      | 100          | 50.00      | 50         | 500       
2     | 0.00       | 100          | 50.00      | 50         | 500       
3     | 0.00       | 100          | 50.00      | 50         | 500       
4     | 0.00       | 100          | 50.00      | 50         | 500       
5     | 0.00       | 100          | 50.00      | 50         | 500       
6     | 0.00       | 100          | 50.00      | 50         | 500       
7     | 0.00       | 100          | 50.00      | 50         | 500       
8     | 0.00       | 100          | 50.00      | 50         | 500       
9     | 0.00       | 100          | 50.00      | 50         | 500       
10    | 0.00       | 100          | 50.00      | 50         | 500       
11    | 0.00       | 100          | 50.00      | 50         | 500       
12    | 0.00       | 100          | 50.00      | 50         | 500       
13    | 0.00       | 100          | 50.00      | 50         | 500       
14    | 0.00       | 100          | 50.00      | 50         | 500       
15    | 0.00       | 100          | 50.00      | 50         | 500       
16    | 0.00       | 100          | 50.00      | 50         | 500       
17    | 0.00       | 100          | 50.00      | 50         | 500       
18    | 0.00       | 100          | 50.00      | 50         | 500       
19    | 0.00       | 100          | 50.00      | 50         | 500       
20    | 0.00       | 100          | 50.00      | 50         | 500       
21    | 0.00       | 100          | 50.00      | 50         | 500       
22    | 0.00       | 100          | 50.00      | 50         | 500       
23    | 0.00       | 100          | 50.00      | 50         | 500       
24    | 0.00       | 100          | 50.00      | 50         | 500       
25    | 0.00       | 100          | 50.00      | 50         | 500       
26    | 0.00       | 100          | 50.00      | 50         | 500       
27    | 0.00       | 100          | 50.00      | 50         | 500       
28    | 0.00       | 100          | 50.00      | 50         | 500       
29    | 0.00       | 100          | 50.00      | 50         | 500       
30    | 0.00       | 100          | 50.00      | 50         | 500       
================================================================================


TABLE 3: CONSTRAINT VERIFICATION - RENEWABLE CAPACITY LIMITS (P_used <= P_available)
================================================================================
Day   | P_available  | P_used     | Surplus    | Status    
--------------------------------------------------------------------------------
1     | 58.75        | 58.75      | 0.00       | PASS      
2     | 54.09        | 54.09      | 0.00       | PASS      
3     | 55.51        | 55.51      | 0.00       | PASS      
4     | 59.74        | 59.74      | 0.00       | PASS      
5     | 60.83        | 60.83      | 0.00       | PASS      
6     | 62.74        | 62.74      | 0.00       | PASS      
7     | 62.86        | 62.86      | 0.00       | PASS      
8     | 62.31        | 62.31      | 0.00       | PASS      
9     | 55.83        | 55.83      | 0.00       | PASS      
10    | 54.87        | 54.87      | 0.00       | PASS      
11    | 54.89        | 54.89      | 0.00       | PASS      
12    | 59.85        | 59.85      | 0.00       | PASS      
13    | 62.44        | 62.44      | 0.00       | PASS      
14    | 62.78        | 62.78      | 0.00       | PASS      
15    | 66.42        | 66.42      | 0.00       | PASS      
16    | 63.48        | 63.48      | 0.00       | PASS      
17    | 60.50        | 60.50      | 0.00       | PASS      
18    | 58.79        | 58.79      | 0.00       | PASS      
19    | 59.62        | 59.62      | 0.00       | PASS      
20    | 57.08        | 57.08      | 0.00       | PASS      
21    | 46.92        | 46.92      | 0.00       | PASS      
22    | 54.63        | 54.63      | 0.00       | PASS      
23    | 58.52        | 58.52      | 0.00       | PASS      
24    | 58.25        | 58.25      | 0.00       | PASS      
25    | 52.62        | 52.62      | 0.00       | PASS      
26    | 58.63        | 58.63      | 0.00       | PASS      
27    | 58.80        | 58.80      | 0.00       | PASS      
28    | 62.82        | 62.82      | 0.00       | PASS      
29    | 61.38        | 61.38      | 0.00       | PASS      
30    | 59.63        | 59.63      | 0.00       | PASS      
================================================================================

